 33631 61368 15005  2797  5398 36678  1889 23474
 27196 48907 49902 50425 62847 34333 19660 20646
  3862  3847 48073  7736  6233 39957 50642 21483
  9066 53929 43606 23158 32222 25853 42732 45221
 36258 23016 50703 58580 53242  7954 53541 26200
 64061 27741 48165 37500 17537 59674  7010 14512
 41058 56348  9463  7023 15385 38577 52555 48388
 26884 19164 30634 37208 16566 43591 10728  4225
 18309  1437 40001 62655 15465  6591 62992 52761
 33976 42584  7535 10834  5646 50503 56182 46841
 25485 31038 45930 31861  7511  5323 28540 12234
 28010  5130 51410 53636 25627 60355 35568 35390
  7101 16468  2398 56724 28083 39771 38264   431
 13090 22427 52473 57947 17340 59542 28560 32119
 47152 23653 26988 26954  2964 32027 23872 41932
 17727 29283 14251 56148 12828  4916 55203 25271
 17745 25458  6524 54955 19904 64843  5887  6004
 59122 30308 16799 14935 10734 24131 45964 39302
 38317 11613 41118 47477 18943 39369
